(kicad_pcb (version 20171130) (host pcbnew "(5.1.6-0-10_14)")

  (general
    (thickness 1.6)
    (drawings 0)
    (tracks 509)
    (zones 0)
    (modules 22)
    (nets 63)
  )

  (page A4)
  (layers
    (0 F.Cu signal)
    (1 GND power)
    (2 PWR power)
    (31 B.Cu signal)
    (32 B.Adhes user)
    (33 F.Adhes user)
    (34 B.Paste user)
    (35 F.Paste user)
    (36 B.SilkS user)
    (37 F.SilkS user)
    (38 B.Mask user)
    (39 F.Mask user)
    (40 Dwgs.User user)
    (41 Cmts.User user)
    (42 Eco1.User user)
    (43 Eco2.User user)
    (44 Edge.Cuts user)
    (45 Margin user)
    (46 B.CrtYd user)
    (47 F.CrtYd user)
    (48 B.Fab user)
    (49 F.Fab user)
  )

  (setup
    (last_trace_width 0.2)
    (trace_clearance 0.2)
    (zone_clearance 0.2032)
    (zone_45_only no)
    (trace_min 0.1524)
    (via_size 0.6)
    (via_drill 0.3)
    (via_min_size 0.5)
    (via_min_drill 0.2)
    (uvia_size 0.3)
    (uvia_drill 0.1)
    (uvias_allowed no)
    (uvia_min_size 0.2)
    (uvia_min_drill 0.1)
    (edge_width 0.1)
    (segment_width 0.2)
    (pcb_text_width 0.125)
    (pcb_text_size 0.5 0.5)
    (mod_edge_width 0.05)
    (mod_text_size 0.6 0.6)
    (mod_text_width 0.125)
    (pad_size 0.6 0.6)
    (pad_drill 0.3)
    (pad_to_mask_clearance 0.045)
    (solder_mask_min_width 0.11)
    (aux_axis_origin 110 80)
    (grid_origin 110 80)
    (visible_elements FFFFF7FF)
    (pcbplotparams
      (layerselection 0x010f8_ffffffff)
      (usegerberextensions true)
      (usegerberattributes false)
      (usegerberadvancedattributes false)
      (creategerberjobfile false)
      (excludeedgelayer true)
      (linewidth 0.100000)
      (plotframeref false)
      (viasonmask false)
      (mode 1)
      (useauxorigin false)
      (hpglpennumber 1)
      (hpglpenspeed 20)
      (hpglpendiameter 15.000000)
      (psnegative false)
      (psa4output false)
      (plotreference true)
      (plotvalue true)
      (plotinvisibletext false)
      (padsonsilk false)
      (subtractmaskfromsilk false)
      (outputformat 1)
      (mirror false)
      (drillshape 0)
      (scaleselection 1)
      (outputdirectory "fab/"))
  )

  (net 0 "")
  (net 1 GND)
  (net 2 +3V3)
  (net 3 SPI.MISO)
  (net 4 SPI.MOSI)
  (net 5 SPI.SCK)
  (net 6 SPI.CS)
  (net 7 /DISP_R7)
  (net 8 /DISP_R6)
  (net 9 /DISP_R5)
  (net 10 /DISP_R4)
  (net 11 /DISP_R3)
  (net 12 /DISP_R2)
  (net 13 /DISP_R1)
  (net 14 /DISP_R0)
  (net 15 /DISP_G7)
  (net 16 /DISP_G6)
  (net 17 /DISP_G5)
  (net 18 /DISP_G4)
  (net 19 /DISP_G3)
  (net 20 /DISP_G2)
  (net 21 /DISP_G1)
  (net 22 /DISP_G0)
  (net 23 /DISP_B7)
  (net 24 /DISP_B6)
  (net 25 /DISP_B5)
  (net 26 /DISP_B4)
  (net 27 /DISP_B3)
  (net 28 /DISP_B2)
  (net 29 /DISP_B1)
  (net 30 /DISP_B0)
  (net 31 /DISP_DE)
  (net 32 /DISP_PCLK)
  (net 33 /DISP_HSYNC)
  (net 34 /DISP_VSYNC)
  (net 35 LED_K)
  (net 36 LED_A)
  (net 37 "Net-(J1-Pad2)")
  (net 38 "Net-(J2-Pad1)")
  (net 39 "Net-(J2-Pad2)")
  (net 40 "Net-(J2-Pad3)")
  (net 41 "Net-(J2-Pad4)")
  (net 42 "Net-(J2-Pad42)")
  (net 43 "Net-(J2-Pad44)")
  (net 44 ENABLE)
  (net 45 /DISP_RST)
  (net 46 "Net-(JP1-Pad2)")
  (net 47 "Net-(JP2-Pad2)")
  (net 48 "Net-(U2-Pad3)")
  (net 49 "Net-(U2-Pad11)")
  (net 50 "Net-(C14-Pad1)")
  (net 51 /LVDS_A0N)
  (net 52 /LVDS_A0P)
  (net 53 /LVDS_A1N)
  (net 54 /LVDS_A1P)
  (net 55 /LVDS_A2N)
  (net 56 /LVDS_A2P)
  (net 57 /LVDS_CLKN)
  (net 58 /LVDS_CLKP)
  (net 59 /LVDS_A3N)
  (net 60 /LVDS_A3P)
  (net 61 /DISP_EN_IC)
  (net 62 "Net-(JP3-Pad2)")

  (net_class Default "This is the default net class."
    (clearance 0.2)
    (trace_width 0.2)
    (via_dia 0.6)
    (via_drill 0.3)
    (uvia_dia 0.3)
    (uvia_drill 0.1)
    (add_net ENABLE)
    (add_net "Net-(C14-Pad1)")
    (add_net "Net-(J1-Pad2)")
    (add_net "Net-(J2-Pad1)")
    (add_net "Net-(J2-Pad2)")
    (add_net "Net-(J2-Pad3)")
    (add_net "Net-(J2-Pad4)")
    (add_net "Net-(J2-Pad42)")
    (add_net "Net-(J2-Pad44)")
    (add_net "Net-(JP1-Pad2)")
    (add_net "Net-(JP2-Pad2)")
    (add_net "Net-(JP3-Pad2)")
    (add_net "Net-(U2-Pad11)")
    (add_net "Net-(U2-Pad3)")
    (add_net SPI.CS)
    (add_net SPI.MISO)
    (add_net SPI.MOSI)
    (add_net SPI.SCK)
  )

  (net_class DISPLAY ""
    (clearance 0.1524)
    (trace_width 0.1524)
    (via_dia 0.508)
    (via_drill 0.254)
    (uvia_dia 0.3)
    (uvia_drill 0.1)
    (diff_pair_width 0.175)
    (diff_pair_gap 0.1524)
    (add_net /DISP_B0)
    (add_net /DISP_B1)
    (add_net /DISP_B2)
    (add_net /DISP_B3)
    (add_net /DISP_B4)
    (add_net /DISP_B5)
    (add_net /DISP_B6)
    (add_net /DISP_B7)
    (add_net /DISP_DE)
    (add_net /DISP_EN_IC)
    (add_net /DISP_G0)
    (add_net /DISP_G1)
    (add_net /DISP_G2)
    (add_net /DISP_G3)
    (add_net /DISP_G4)
    (add_net /DISP_G5)
    (add_net /DISP_G6)
    (add_net /DISP_G7)
    (add_net /DISP_HSYNC)
    (add_net /DISP_PCLK)
    (add_net /DISP_R0)
    (add_net /DISP_R1)
    (add_net /DISP_R2)
    (add_net /DISP_R3)
    (add_net /DISP_R4)
    (add_net /DISP_R5)
    (add_net /DISP_R6)
    (add_net /DISP_R7)
    (add_net /DISP_RST)
    (add_net /DISP_VSYNC)
    (add_net /LVDS_A0N)
    (add_net /LVDS_A0P)
    (add_net /LVDS_A1N)
    (add_net /LVDS_A1P)
    (add_net /LVDS_A2N)
    (add_net /LVDS_A2P)
    (add_net /LVDS_A3N)
    (add_net /LVDS_A3P)
    (add_net /LVDS_CLKN)
    (add_net /LVDS_CLKP)
  )

  (net_class POWER ""
    (clearance 0.2)
    (trace_width 0.25)
    (via_dia 0.6)
    (via_drill 0.3)
    (uvia_dia 0.3)
    (uvia_drill 0.1)
    (add_net +3V3)
    (add_net GND)
    (add_net LED_A)
    (add_net LED_K)
  )

  (module Connector_FFC-FPC:Hirose_FH12-45S-0.5SH_1x45-1MP_P0.50mm_Horizontal (layer F.Cu) (tedit 600F656E) (tstamp 5F4DC613)
    (at 142.1 94.55 90)
    (descr "Hirose FH12, FFC/FPC connector, FH12-45S-0.5SH, 45 Pins per row (https://www.hirose.com/product/en/products/FH12/FH12-24S-0.5SH(55)/), generated with kicad-footprint-generator")
    (tags "connector Hirose FH12 horizontal")
    (path /624A1BAE)
    (attr smd)
    (fp_text reference J2 (at 0 -3.7 270) (layer F.SilkS)
      (effects (font (size 1 1) (thickness 0.15)))
    )
    (fp_text value Output (at 0 5.6 270) (layer F.Fab)
      (effects (font (size 1 1) (thickness 0.15)))
    )
    (fp_line (start 14.3 -3) (end -14.3 -3) (layer F.CrtYd) (width 0.05))
    (fp_line (start 14.3 4.9) (end 14.3 -3) (layer F.CrtYd) (width 0.05))
    (fp_line (start -14.3 4.9) (end 14.3 4.9) (layer F.CrtYd) (width 0.05))
    (fp_line (start -14.3 -3) (end -14.3 4.9) (layer F.CrtYd) (width 0.05))
    (fp_line (start -11 -0.492893) (end -10.5 -1.2) (layer F.Fab) (width 0.1))
    (fp_line (start -11.5 -1.2) (end -11 -0.492893) (layer F.Fab) (width 0.1))
    (fp_line (start -11.41 -1.3) (end -11.41 -2.5) (layer F.SilkS) (width 0.12))
    (fp_line (start 12.9 4.5) (end 12.9 2.76) (layer F.SilkS) (width 0.12))
    (fp_line (start -12.9 4.5) (end 12.9 4.5) (layer F.SilkS) (width 0.12))
    (fp_line (start -12.9 2.76) (end -12.9 4.5) (layer F.SilkS) (width 0.12))
    (fp_line (start 12.9 -1.3) (end 12.9 0.04) (layer F.SilkS) (width 0.12))
    (fp_line (start 11.41 -1.3) (end 12.9 -1.3) (layer F.SilkS) (width 0.12))
    (fp_line (start -12.9 -1.3) (end -12.9 0.04) (layer F.SilkS) (width 0.12))
    (fp_line (start -11.41 -1.3) (end -12.9 -1.3) (layer F.SilkS) (width 0.12))
    (fp_line (start 12.7 4.4) (end 0 4.4) (layer F.Fab) (width 0.1))
    (fp_line (start 12.7 3.7) (end 12.7 4.4) (layer F.Fab) (width 0.1))
    (fp_line (start 12.2 3.7) (end 12.7 3.7) (layer F.Fab) (width 0.1))
    (fp_line (start 12.2 3.4) (end 12.2 3.7) (layer F.Fab) (width 0.1))
    (fp_line (start 12.8 3.4) (end 12.2 3.4) (layer F.Fab) (width 0.1))
    (fp_line (start 12.8 -1.2) (end 12.8 3.4) (layer F.Fab) (width 0.1))
    (fp_line (start 0 -1.2) (end 12.8 -1.2) (layer F.Fab) (width 0.1))
    (fp_line (start -12.7 4.4) (end 0 4.4) (layer F.Fab) (width 0.1))
    (fp_line (start -12.7 3.7) (end -12.7 4.4) (layer F.Fab) (width 0.1))
    (fp_line (start -12.2 3.7) (end -12.7 3.7) (layer F.Fab) (width 0.1))
    (fp_line (start -12.2 3.4) (end -12.2 3.7) (layer F.Fab) (width 0.1))
    (fp_line (start -12.8 3.4) (end -12.2 3.4) (layer F.Fab) (width 0.1))
    (fp_line (start -12.8 -1.2) (end -12.8 3.4) (layer F.Fab) (width 0.1))
    (fp_line (start 0 -1.2) (end -12.8 -1.2) (layer F.Fab) (width 0.1))
    (fp_text user %R (at 0 3.7 270) (layer F.Fab)
      (effects (font (size 1 1) (thickness 0.15)))
    )
    (pad MP smd rect (at 12.9 1.4 90) (size 1.8 2.2) (layers F.Cu F.Paste F.Mask))
    (pad MP smd rect (at -12.9 1.4 90) (size 1.8 2.2) (layers F.Cu F.Paste F.Mask))
    (pad 1 smd rect (at -11 -1.85 90) (size 0.3 1.3) (layers F.Cu F.Paste F.Mask)
      (net 38 "Net-(J2-Pad1)"))
    (pad 2 smd rect (at -10.5 -1.85 90) (size 0.3 1.3) (layers F.Cu F.Paste F.Mask)
      (net 39 "Net-(J2-Pad2)"))
    (pad 3 smd rect (at -10 -1.85 90) (size 0.3 1.3) (layers F.Cu F.Paste F.Mask)
      (net 40 "Net-(J2-Pad3)"))
    (pad 4 smd rect (at -9.5 -1.85 90) (size 0.3 1.3) (layers F.Cu F.Paste F.Mask)
      (net 41 "Net-(J2-Pad4)"))
    (pad 5 smd rect (at -9 -1.85 90) (size 0.3 1.3) (layers F.Cu F.Paste F.Mask)
      (net 1 GND))
    (pad 6 smd rect (at -8.5 -1.85 90) (size 0.3 1.3) (layers F.Cu F.Paste F.Mask)
      (net 1 GND))
    (pad 7 smd rect (at -8 -1.85 90) (size 0.3 1.3) (layers F.Cu F.Paste F.Mask)
      (net 2 +3V3))
    (pad 8 smd rect (at -7.5 -1.85 90) (size 0.3 1.3) (layers F.Cu F.Paste F.Mask)
      (net 2 +3V3))
    (pad 9 smd rect (at -7 -1.85 90) (size 0.3 1.3) (layers F.Cu F.Paste F.Mask)
      (net 3 SPI.MISO))
    (pad 10 smd rect (at -6.5 -1.85 90) (size 0.3 1.3) (layers F.Cu F.Paste F.Mask)
      (net 4 SPI.MOSI))
    (pad 11 smd rect (at -6 -1.85 90) (size 0.3 1.3) (layers F.Cu F.Paste F.Mask)
      (net 5 SPI.SCK))
    (pad 12 smd rect (at -5.5 -1.85 90) (size 0.3 1.3) (layers F.Cu F.Paste F.Mask)
      (net 6 SPI.CS))
    (pad 13 smd rect (at -5 -1.85 90) (size 0.3 1.3) (layers F.Cu F.Paste F.Mask)
      (net 45 /DISP_RST))
    (pad 14 smd rect (at -4.5 -1.85 90) (size 0.3 1.3) (layers F.Cu F.Paste F.Mask)
      (net 7 /DISP_R7))
    (pad 15 smd rect (at -4 -1.85 90) (size 0.3 1.3) (layers F.Cu F.Paste F.Mask)
      (net 8 /DISP_R6))
    (pad 16 smd rect (at -3.5 -1.85 90) (size 0.3 1.3) (layers F.Cu F.Paste F.Mask)
      (net 9 /DISP_R5))
    (pad 17 smd rect (at -3 -1.85 90) (size 0.3 1.3) (layers F.Cu F.Paste F.Mask)
      (net 10 /DISP_R4))
    (pad 18 smd rect (at -2.5 -1.85 90) (size 0.3 1.3) (layers F.Cu F.Paste F.Mask)
      (net 11 /DISP_R3))
    (pad 19 smd rect (at -2 -1.85 90) (size 0.3 1.3) (layers F.Cu F.Paste F.Mask)
      (net 12 /DISP_R2))
    (pad 20 smd rect (at -1.5 -1.85 90) (size 0.3 1.3) (layers F.Cu F.Paste F.Mask)
      (net 13 /DISP_R1))
    (pad 21 smd rect (at -1 -1.85 90) (size 0.3 1.3) (layers F.Cu F.Paste F.Mask)
      (net 14 /DISP_R0))
    (pad 22 smd rect (at -0.5 -1.85 90) (size 0.3 1.3) (layers F.Cu F.Paste F.Mask)
      (net 15 /DISP_G7))
    (pad 23 smd rect (at 0 -1.85 90) (size 0.3 1.3) (layers F.Cu F.Paste F.Mask)
      (net 16 /DISP_G6))
    (pad 24 smd rect (at 0.5 -1.85 90) (size 0.3 1.3) (layers F.Cu F.Paste F.Mask)
      (net 17 /DISP_G5))
    (pad 25 smd rect (at 1 -1.85 90) (size 0.3 1.3) (layers F.Cu F.Paste F.Mask)
      (net 18 /DISP_G4))
    (pad 26 smd rect (at 1.5 -1.85 90) (size 0.3 1.3) (layers F.Cu F.Paste F.Mask)
      (net 19 /DISP_G3))
    (pad 27 smd rect (at 2 -1.85 90) (size 0.3 1.3) (layers F.Cu F.Paste F.Mask)
      (net 20 /DISP_G2))
    (pad 28 smd rect (at 2.5 -1.85 90) (size 0.3 1.3) (layers F.Cu F.Paste F.Mask)
      (net 21 /DISP_G1))
    (pad 29 smd rect (at 3 -1.85 90) (size 0.3 1.3) (layers F.Cu F.Paste F.Mask)
      (net 22 /DISP_G0))
    (pad 30 smd rect (at 3.5 -1.85 90) (size 0.3 1.3) (layers F.Cu F.Paste F.Mask)
      (net 23 /DISP_B7))
    (pad 31 smd rect (at 4 -1.85 90) (size 0.3 1.3) (layers F.Cu F.Paste F.Mask)
      (net 24 /DISP_B6))
    (pad 32 smd rect (at 4.5 -1.85 90) (size 0.3 1.3) (layers F.Cu F.Paste F.Mask)
      (net 25 /DISP_B5))
    (pad 33 smd rect (at 5 -1.85 90) (size 0.3 1.3) (layers F.Cu F.Paste F.Mask)
      (net 26 /DISP_B4))
    (pad 34 smd rect (at 5.5 -1.85 90) (size 0.3 1.3) (layers F.Cu F.Paste F.Mask)
      (net 27 /DISP_B3))
    (pad 35 smd rect (at 6 -1.85 90) (size 0.3 1.3) (layers F.Cu F.Paste F.Mask)
      (net 28 /DISP_B2))
    (pad 36 smd rect (at 6.5 -1.85 90) (size 0.3 1.3) (layers F.Cu F.Paste F.Mask)
      (net 29 /DISP_B1))
    (pad 37 smd rect (at 7 -1.85 90) (size 0.3 1.3) (layers F.Cu F.Paste F.Mask)
      (net 30 /DISP_B0))
    (pad 38 smd rect (at 7.5 -1.85 90) (size 0.3 1.3) (layers F.Cu F.Paste F.Mask)
      (net 31 /DISP_DE))
    (pad 39 smd rect (at 8 -1.85 90) (size 0.3 1.3) (layers F.Cu F.Paste F.Mask)
      (net 32 /DISP_PCLK))
    (pad 40 smd rect (at 8.5 -1.85 90) (size 0.3 1.3) (layers F.Cu F.Paste F.Mask)
      (net 33 /DISP_HSYNC))
    (pad 41 smd rect (at 9 -1.85 90) (size 0.3 1.3) (layers F.Cu F.Paste F.Mask)
      (net 34 /DISP_VSYNC))
    (pad 42 smd rect (at 9.5 -1.85 90) (size 0.3 1.3) (layers F.Cu F.Paste F.Mask)
      (net 42 "Net-(J2-Pad42)"))
    (pad 43 smd rect (at 10 -1.85 90) (size 0.3 1.3) (layers F.Cu F.Paste F.Mask)
      (net 35 LED_K))
    (pad 44 smd rect (at 10.5 -1.85 90) (size 0.3 1.3) (layers F.Cu F.Paste F.Mask)
      (net 43 "Net-(J2-Pad44)"))
    (pad 45 smd rect (at 11 -1.85 90) (size 0.3 1.3) (layers F.Cu F.Paste F.Mask)
      (net 36 LED_A))
    (model ${KISYS3DMOD}/Connector_FFC-FPC.3dshapes/Hirose_FH12-45S-0.5SH_1x45-1MP_P0.50mm_Horizontal.wrl
      (at (xyz 0 0 0))
      (scale (xyz 1 1 1))
      (rotate (xyz 0 0 0))
    )
  )

  (module Capacitor_SMD:C_0603_1608Metric (layer B.Cu) (tedit 5B301BBE) (tstamp 5D5D35E2)
    (at 123.4 84.5 270)
    (descr "Capacitor SMD 0603 (1608 Metric), square (rectangular) end terminal, IPC_7351 nominal, (Body size source: http://www.tortai-tech.com/upload/download/2011102023233369053.pdf), generated with kicad-footprint-generator")
    (tags capacitor)
    (path /5E6E23E8)
    (attr smd)
    (fp_text reference C1 (at -2.35 0 270) (layer B.SilkS)
      (effects (font (size 1 1) (thickness 0.15)) (justify mirror))
    )
    (fp_text value 0.1uF (at -5.4 0.05 270) (layer B.Fab)
      (effects (font (size 1 1) (thickness 0.15)) (justify mirror))
    )
    (fp_line (start -0.8 -0.4) (end -0.8 0.4) (layer B.Fab) (width 0.1))
    (fp_line (start -0.8 0.4) (end 0.8 0.4) (layer B.Fab) (width 0.1))
    (fp_line (start 0.8 0.4) (end 0.8 -0.4) (layer B.Fab) (width 0.1))
    (fp_line (start 0.8 -0.4) (end -0.8 -0.4) (layer B.Fab) (width 0.1))
    (fp_line (start -0.162779 0.51) (end 0.162779 0.51) (layer B.SilkS) (width 0.12))
    (fp_line (start -0.162779 -0.51) (end 0.162779 -0.51) (layer B.SilkS) (width 0.12))
    (fp_line (start -1.48 -0.73) (end -1.48 0.73) (layer B.CrtYd) (width 0.05))
    (fp_line (start -1.48 0.73) (end 1.48 0.73) (layer B.CrtYd) (width 0.05))
    (fp_line (start 1.48 0.73) (end 1.48 -0.73) (layer B.CrtYd) (width 0.05))
    (fp_line (start 1.48 -0.73) (end -1.48 -0.73) (layer B.CrtYd) (width 0.05))
    (fp_text user %R (at 0 0 270) (layer B.Fab)
      (effects (font (size 0.4 0.4) (thickness 0.06)) (justify mirror))
    )
    (pad 2 smd roundrect (at 0.7875 0 270) (size 0.875 0.95) (layers B.Cu B.Paste B.Mask) (roundrect_rratio 0.25)
      (net 1 GND))
    (pad 1 smd roundrect (at -0.7875 0 270) (size 0.875 0.95) (layers B.Cu B.Paste B.Mask) (roundrect_rratio 0.25)
      (net 2 +3V3))
    (model ${KISYS3DMOD}/Capacitor_SMD.3dshapes/C_0603_1608Metric.wrl
      (at (xyz 0 0 0))
      (scale (xyz 1 1 1))
      (rotate (xyz 0 0 0))
    )
  )

  (module Capacitor_SMD:C_0603_1608Metric (layer B.Cu) (tedit 5B301BBE) (tstamp 5D5D35B2)
    (at 121.9 84.5 270)
    (descr "Capacitor SMD 0603 (1608 Metric), square (rectangular) end terminal, IPC_7351 nominal, (Body size source: http://www.tortai-tech.com/upload/download/2011102023233369053.pdf), generated with kicad-footprint-generator")
    (tags capacitor)
    (path /5E6E23DE)
    (attr smd)
    (fp_text reference C2 (at -2.35 0 270) (layer B.SilkS)
      (effects (font (size 1 1) (thickness 0.15)) (justify mirror))
    )
    (fp_text value 0.01uF (at -5.9 0 270) (layer B.Fab)
      (effects (font (size 1 1) (thickness 0.15)) (justify mirror))
    )
    (fp_line (start 1.48 -0.73) (end -1.48 -0.73) (layer B.CrtYd) (width 0.05))
    (fp_line (start 1.48 0.73) (end 1.48 -0.73) (layer B.CrtYd) (width 0.05))
    (fp_line (start -1.48 0.73) (end 1.48 0.73) (layer B.CrtYd) (width 0.05))
    (fp_line (start -1.48 -0.73) (end -1.48 0.73) (layer B.CrtYd) (width 0.05))
    (fp_line (start -0.162779 -0.51) (end 0.162779 -0.51) (layer B.SilkS) (width 0.12))
    (fp_line (start -0.162779 0.51) (end 0.162779 0.51) (layer B.SilkS) (width 0.12))
    (fp_line (start 0.8 -0.4) (end -0.8 -0.4) (layer B.Fab) (width 0.1))
    (fp_line (start 0.8 0.4) (end 0.8 -0.4) (layer B.Fab) (width 0.1))
    (fp_line (start -0.8 0.4) (end 0.8 0.4) (layer B.Fab) (width 0.1))
    (fp_line (start -0.8 -0.4) (end -0.8 0.4) (layer B.Fab) (width 0.1))
    (fp_text user %R (at 0 0 270) (layer B.Fab)
      (effects (font (size 0.4 0.4) (thickness 0.06)) (justify mirror))
    )
    (pad 1 smd roundrect (at -0.7875 0 270) (size 0.875 0.95) (layers B.Cu B.Paste B.Mask) (roundrect_rratio 0.25)
      (net 2 +3V3))
    (pad 2 smd roundrect (at 0.7875 0 270) (size 0.875 0.95) (layers B.Cu B.Paste B.Mask) (roundrect_rratio 0.25)
      (net 1 GND))
    (model ${KISYS3DMOD}/Capacitor_SMD.3dshapes/C_0603_1608Metric.wrl
      (at (xyz 0 0 0))
      (scale (xyz 1 1 1))
      (rotate (xyz 0 0 0))
    )
  )

  (module Capacitor_SMD:C_0603_1608Metric (layer B.Cu) (tedit 5B301BBE) (tstamp 5D5D3582)
    (at 127.2 92.6 90)
    (descr "Capacitor SMD 0603 (1608 Metric), square (rectangular) end terminal, IPC_7351 nominal, (Body size source: http://www.tortai-tech.com/upload/download/2011102023233369053.pdf), generated with kicad-footprint-generator")
    (tags capacitor)
    (path /5E6B29E2)
    (attr smd)
    (fp_text reference C3 (at -2.4 0 90) (layer B.SilkS)
      (effects (font (size 1 1) (thickness 0.15)) (justify mirror))
    )
    (fp_text value 0.1uF (at -6.35 0 90) (layer B.Fab)
      (effects (font (size 1 1) (thickness 0.15)) (justify mirror))
    )
    (fp_line (start -0.8 -0.4) (end -0.8 0.4) (layer B.Fab) (width 0.1))
    (fp_line (start -0.8 0.4) (end 0.8 0.4) (layer B.Fab) (width 0.1))
    (fp_line (start 0.8 0.4) (end 0.8 -0.4) (layer B.Fab) (width 0.1))
    (fp_line (start 0.8 -0.4) (end -0.8 -0.4) (layer B.Fab) (width 0.1))
    (fp_line (start -0.162779 0.51) (end 0.162779 0.51) (layer B.SilkS) (width 0.12))
    (fp_line (start -0.162779 -0.51) (end 0.162779 -0.51) (layer B.SilkS) (width 0.12))
    (fp_line (start -1.48 -0.73) (end -1.48 0.73) (layer B.CrtYd) (width 0.05))
    (fp_line (start -1.48 0.73) (end 1.48 0.73) (layer B.CrtYd) (width 0.05))
    (fp_line (start 1.48 0.73) (end 1.48 -0.73) (layer B.CrtYd) (width 0.05))
    (fp_line (start 1.48 -0.73) (end -1.48 -0.73) (layer B.CrtYd) (width 0.05))
    (fp_text user %R (at 0 0 90) (layer B.Fab)
      (effects (font (size 0.4 0.4) (thickness 0.06)) (justify mirror))
    )
    (pad 2 smd roundrect (at 0.7875 0 90) (size 0.875 0.95) (layers B.Cu B.Paste B.Mask) (roundrect_rratio 0.25)
      (net 1 GND))
    (pad 1 smd roundrect (at -0.7875 0 90) (size 0.875 0.95) (layers B.Cu B.Paste B.Mask) (roundrect_rratio 0.25)
      (net 2 +3V3))
    (model ${KISYS3DMOD}/Capacitor_SMD.3dshapes/C_0603_1608Metric.wrl
      (at (xyz 0 0 0))
      (scale (xyz 1 1 1))
      (rotate (xyz 0 0 0))
    )
  )

  (module Capacitor_SMD:C_0603_1608Metric (layer B.Cu) (tedit 5B301BBE) (tstamp 5D5D3552)
    (at 125.7 92.6 90)
    (descr "Capacitor SMD 0603 (1608 Metric), square (rectangular) end terminal, IPC_7351 nominal, (Body size source: http://www.tortai-tech.com/upload/download/2011102023233369053.pdf), generated with kicad-footprint-generator")
    (tags capacitor)
    (path /5E6B29D8)
    (attr smd)
    (fp_text reference C4 (at -2.4 0 90) (layer B.SilkS)
      (effects (font (size 1 1) (thickness 0.15)) (justify mirror))
    )
    (fp_text value 0.01uF (at -6.85 0 90) (layer B.Fab)
      (effects (font (size 1 1) (thickness 0.15)) (justify mirror))
    )
    (fp_line (start 1.48 -0.73) (end -1.48 -0.73) (layer B.CrtYd) (width 0.05))
    (fp_line (start 1.48 0.73) (end 1.48 -0.73) (layer B.CrtYd) (width 0.05))
    (fp_line (start -1.48 0.73) (end 1.48 0.73) (layer B.CrtYd) (width 0.05))
    (fp_line (start -1.48 -0.73) (end -1.48 0.73) (layer B.CrtYd) (width 0.05))
    (fp_line (start -0.162779 -0.51) (end 0.162779 -0.51) (layer B.SilkS) (width 0.12))
    (fp_line (start -0.162779 0.51) (end 0.162779 0.51) (layer B.SilkS) (width 0.12))
    (fp_line (start 0.8 -0.4) (end -0.8 -0.4) (layer B.Fab) (width 0.1))
    (fp_line (start 0.8 0.4) (end 0.8 -0.4) (layer B.Fab) (width 0.1))
    (fp_line (start -0.8 0.4) (end 0.8 0.4) (layer B.Fab) (width 0.1))
    (fp_line (start -0.8 -0.4) (end -0.8 0.4) (layer B.Fab) (width 0.1))
    (fp_text user %R (at 0 0 90) (layer B.Fab)
      (effects (font (size 0.4 0.4) (thickness 0.06)) (justify mirror))
    )
    (pad 1 smd roundrect (at -0.7875 0 90) (size 0.875 0.95) (layers B.Cu B.Paste B.Mask) (roundrect_rratio 0.25)
      (net 2 +3V3))
    (pad 2 smd roundrect (at 0.7875 0 90) (size 0.875 0.95) (layers B.Cu B.Paste B.Mask) (roundrect_rratio 0.25)
      (net 1 GND))
    (model ${KISYS3DMOD}/Capacitor_SMD.3dshapes/C_0603_1608Metric.wrl
      (at (xyz 0 0 0))
      (scale (xyz 1 1 1))
      (rotate (xyz 0 0 0))
    )
  )

  (module Capacitor_SMD:C_0603_1608Metric (layer B.Cu) (tedit 5B301BBE) (tstamp 5D5D3522)
    (at 127.7 89.75 180)
    (descr "Capacitor SMD 0603 (1608 Metric), square (rectangular) end terminal, IPC_7351 nominal, (Body size source: http://www.tortai-tech.com/upload/download/2011102023233369053.pdf), generated with kicad-footprint-generator")
    (tags capacitor)
    (path /5E683528)
    (attr smd)
    (fp_text reference C5 (at -2.35 0) (layer B.SilkS)
      (effects (font (size 1 1) (thickness 0.15)) (justify mirror))
    )
    (fp_text value 0.1uF (at 3.45 0.05) (layer B.Fab)
      (effects (font (size 1 1) (thickness 0.15)) (justify mirror))
    )
    (fp_line (start -0.8 -0.4) (end -0.8 0.4) (layer B.Fab) (width 0.1))
    (fp_line (start -0.8 0.4) (end 0.8 0.4) (layer B.Fab) (width 0.1))
    (fp_line (start 0.8 0.4) (end 0.8 -0.4) (layer B.Fab) (width 0.1))
    (fp_line (start 0.8 -0.4) (end -0.8 -0.4) (layer B.Fab) (width 0.1))
    (fp_line (start -0.162779 0.51) (end 0.162779 0.51) (layer B.SilkS) (width 0.12))
    (fp_line (start -0.162779 -0.51) (end 0.162779 -0.51) (layer B.SilkS) (width 0.12))
    (fp_line (start -1.48 -0.73) (end -1.48 0.73) (layer B.CrtYd) (width 0.05))
    (fp_line (start -1.48 0.73) (end 1.48 0.73) (layer B.CrtYd) (width 0.05))
    (fp_line (start 1.48 0.73) (end 1.48 -0.73) (layer B.CrtYd) (width 0.05))
    (fp_line (start 1.48 -0.73) (end -1.48 -0.73) (layer B.CrtYd) (width 0.05))
    (fp_text user %R (at 0 0) (layer B.Fab)
      (effects (font (size 0.4 0.4) (thickness 0.06)) (justify mirror))
    )
    (pad 2 smd roundrect (at 0.7875 0 180) (size 0.875 0.95) (layers B.Cu B.Paste B.Mask) (roundrect_rratio 0.25)
      (net 1 GND))
    (pad 1 smd roundrect (at -0.7875 0 180) (size 0.875 0.95) (layers B.Cu B.Paste B.Mask) (roundrect_rratio 0.25)
      (net 2 +3V3))
    (model ${KISYS3DMOD}/Capacitor_SMD.3dshapes/C_0603_1608Metric.wrl
      (at (xyz 0 0 0))
      (scale (xyz 1 1 1))
      (rotate (xyz 0 0 0))
    )
  )

  (module Capacitor_SMD:C_0603_1608Metric (layer B.Cu) (tedit 5B301BBE) (tstamp 5D5D34F2)
    (at 127.7 87.75 180)
    (descr "Capacitor SMD 0603 (1608 Metric), square (rectangular) end terminal, IPC_7351 nominal, (Body size source: http://www.tortai-tech.com/upload/download/2011102023233369053.pdf), generated with kicad-footprint-generator")
    (tags capacitor)
    (path /5E68351E)
    (attr smd)
    (fp_text reference C6 (at -2.35 0) (layer B.SilkS)
      (effects (font (size 1 1) (thickness 0.15)) (justify mirror))
    )
    (fp_text value 0.01uF (at 3.95 0) (layer B.Fab)
      (effects (font (size 1 1) (thickness 0.15)) (justify mirror))
    )
    (fp_line (start 1.48 -0.73) (end -1.48 -0.73) (layer B.CrtYd) (width 0.05))
    (fp_line (start 1.48 0.73) (end 1.48 -0.73) (layer B.CrtYd) (width 0.05))
    (fp_line (start -1.48 0.73) (end 1.48 0.73) (layer B.CrtYd) (width 0.05))
    (fp_line (start -1.48 -0.73) (end -1.48 0.73) (layer B.CrtYd) (width 0.05))
    (fp_line (start -0.162779 -0.51) (end 0.162779 -0.51) (layer B.SilkS) (width 0.12))
    (fp_line (start -0.162779 0.51) (end 0.162779 0.51) (layer B.SilkS) (width 0.12))
    (fp_line (start 0.8 -0.4) (end -0.8 -0.4) (layer B.Fab) (width 0.1))
    (fp_line (start 0.8 0.4) (end 0.8 -0.4) (layer B.Fab) (width 0.1))
    (fp_line (start -0.8 0.4) (end 0.8 0.4) (layer B.Fab) (width 0.1))
    (fp_line (start -0.8 -0.4) (end -0.8 0.4) (layer B.Fab) (width 0.1))
    (fp_text user %R (at 0 0) (layer B.Fab)
      (effects (font (size 0.4 0.4) (thickness 0.06)) (justify mirror))
    )
    (pad 1 smd roundrect (at -0.7875 0 180) (size 0.875 0.95) (layers B.Cu B.Paste B.Mask) (roundrect_rratio 0.25)
      (net 2 +3V3))
    (pad 2 smd roundrect (at 0.7875 0 180) (size 0.875 0.95) (layers B.Cu B.Paste B.Mask) (roundrect_rratio 0.25)
      (net 1 GND))
    (model ${KISYS3DMOD}/Capacitor_SMD.3dshapes/C_0603_1608Metric.wrl
      (at (xyz 0 0 0))
      (scale (xyz 1 1 1))
      (rotate (xyz 0 0 0))
    )
  )

  (module Capacitor_SMD:C_0603_1608Metric (layer B.Cu) (tedit 5B301BBE) (tstamp 5D5D34C2)
    (at 126.9 84.5 270)
    (descr "Capacitor SMD 0603 (1608 Metric), square (rectangular) end terminal, IPC_7351 nominal, (Body size source: http://www.tortai-tech.com/upload/download/2011102023233369053.pdf), generated with kicad-footprint-generator")
    (tags capacitor)
    (path /5E652065)
    (attr smd)
    (fp_text reference C7 (at -2.4 0 270) (layer B.SilkS)
      (effects (font (size 1 1) (thickness 0.15)) (justify mirror))
    )
    (fp_text value 0.1uF (at -5.4 0 270) (layer B.Fab)
      (effects (font (size 1 1) (thickness 0.15)) (justify mirror))
    )
    (fp_line (start -0.8 -0.4) (end -0.8 0.4) (layer B.Fab) (width 0.1))
    (fp_line (start -0.8 0.4) (end 0.8 0.4) (layer B.Fab) (width 0.1))
    (fp_line (start 0.8 0.4) (end 0.8 -0.4) (layer B.Fab) (width 0.1))
    (fp_line (start 0.8 -0.4) (end -0.8 -0.4) (layer B.Fab) (width 0.1))
    (fp_line (start -0.162779 0.51) (end 0.162779 0.51) (layer B.SilkS) (width 0.12))
    (fp_line (start -0.162779 -0.51) (end 0.162779 -0.51) (layer B.SilkS) (width 0.12))
    (fp_line (start -1.48 -0.73) (end -1.48 0.73) (layer B.CrtYd) (width 0.05))
    (fp_line (start -1.48 0.73) (end 1.48 0.73) (layer B.CrtYd) (width 0.05))
    (fp_line (start 1.48 0.73) (end 1.48 -0.73) (layer B.CrtYd) (width 0.05))
    (fp_line (start 1.48 -0.73) (end -1.48 -0.73) (layer B.CrtYd) (width 0.05))
    (fp_text user %R (at 0 0 270) (layer B.Fab)
      (effects (font (size 0.4 0.4) (thickness 0.06)) (justify mirror))
    )
    (pad 2 smd roundrect (at 0.7875 0 270) (size 0.875 0.95) (layers B.Cu B.Paste B.Mask) (roundrect_rratio 0.25)
      (net 1 GND))
    (pad 1 smd roundrect (at -0.7875 0 270) (size 0.875 0.95) (layers B.Cu B.Paste B.Mask) (roundrect_rratio 0.25)
      (net 2 +3V3))
    (model ${KISYS3DMOD}/Capacitor_SMD.3dshapes/C_0603_1608Metric.wrl
      (at (xyz 0 0 0))
      (scale (xyz 1 1 1))
      (rotate (xyz 0 0 0))
    )
  )

  (module Capacitor_SMD:C_0603_1608Metric (layer B.Cu) (tedit 5B301BBE) (tstamp 5D5D3492)
    (at 125.4 84.5 270)
    (descr "Capacitor SMD 0603 (1608 Metric), square (rectangular) end terminal, IPC_7351 nominal, (Body size source: http://www.tortai-tech.com/upload/download/2011102023233369053.pdf), generated with kicad-footprint-generator")
    (tags capacitor)
    (path /5E65205B)
    (attr smd)
    (fp_text reference C8 (at -2.35 0 270) (layer B.SilkS)
      (effects (font (size 1 1) (thickness 0.15)) (justify mirror))
    )
    (fp_text value 0.01uF (at -5.85 0 270) (layer B.Fab)
      (effects (font (size 1 1) (thickness 0.15)) (justify mirror))
    )
    (fp_line (start 1.48 -0.73) (end -1.48 -0.73) (layer B.CrtYd) (width 0.05))
    (fp_line (start 1.48 0.73) (end 1.48 -0.73) (layer B.CrtYd) (width 0.05))
    (fp_line (start -1.48 0.73) (end 1.48 0.73) (layer B.CrtYd) (width 0.05))
    (fp_line (start -1.48 -0.73) (end -1.48 0.73) (layer B.CrtYd) (width 0.05))
    (fp_line (start -0.162779 -0.51) (end 0.162779 -0.51) (layer B.SilkS) (width 0.12))
    (fp_line (start -0.162779 0.51) (end 0.162779 0.51) (layer B.SilkS) (width 0.12))
    (fp_line (start 0.8 -0.4) (end -0.8 -0.4) (layer B.Fab) (width 0.1))
    (fp_line (start 0.8 0.4) (end 0.8 -0.4) (layer B.Fab) (width 0.1))
    (fp_line (start -0.8 0.4) (end 0.8 0.4) (layer B.Fab) (width 0.1))
    (fp_line (start -0.8 -0.4) (end -0.8 0.4) (layer B.Fab) (width 0.1))
    (fp_text user %R (at 0 0 270) (layer B.Fab)
      (effects (font (size 0.4 0.4) (thickness 0.06)) (justify mirror))
    )
    (pad 1 smd roundrect (at -0.7875 0 270) (size 0.875 0.95) (layers B.Cu B.Paste B.Mask) (roundrect_rratio 0.25)
      (net 2 +3V3))
    (pad 2 smd roundrect (at 0.7875 0 270) (size 0.875 0.95) (layers B.Cu B.Paste B.Mask) (roundrect_rratio 0.25)
      (net 1 GND))
    (model ${KISYS3DMOD}/Capacitor_SMD.3dshapes/C_0603_1608Metric.wrl
      (at (xyz 0 0 0))
      (scale (xyz 1 1 1))
      (rotate (xyz 0 0 0))
    )
  )

  (module Capacitor_SMD:C_0603_1608Metric (layer B.Cu) (tedit 5B301BBE) (tstamp 5D5D3462)
    (at 121.4 92.6 90)
    (descr "Capacitor SMD 0603 (1608 Metric), square (rectangular) end terminal, IPC_7351 nominal, (Body size source: http://www.tortai-tech.com/upload/download/2011102023233369053.pdf), generated with kicad-footprint-generator")
    (tags capacitor)
    (path /5E623041)
    (attr smd)
    (fp_text reference C9 (at -2.4 0 90) (layer B.SilkS)
      (effects (font (size 1 1) (thickness 0.15)) (justify mirror))
    )
    (fp_text value 0.1uF (at -6.35 0 90) (layer B.Fab)
      (effects (font (size 1 1) (thickness 0.15)) (justify mirror))
    )
    (fp_line (start -0.8 -0.4) (end -0.8 0.4) (layer B.Fab) (width 0.1))
    (fp_line (start -0.8 0.4) (end 0.8 0.4) (layer B.Fab) (width 0.1))
    (fp_line (start 0.8 0.4) (end 0.8 -0.4) (layer B.Fab) (width 0.1))
    (fp_line (start 0.8 -0.4) (end -0.8 -0.4) (layer B.Fab) (width 0.1))
    (fp_line (start -0.162779 0.51) (end 0.162779 0.51) (layer B.SilkS) (width 0.12))
    (fp_line (start -0.162779 -0.51) (end 0.162779 -0.51) (layer B.SilkS) (width 0.12))
    (fp_line (start -1.48 -0.73) (end -1.48 0.73) (layer B.CrtYd) (width 0.05))
    (fp_line (start -1.48 0.73) (end 1.48 0.73) (layer B.CrtYd) (width 0.05))
    (fp_line (start 1.48 0.73) (end 1.48 -0.73) (layer B.CrtYd) (width 0.05))
    (fp_line (start 1.48 -0.73) (end -1.48 -0.73) (layer B.CrtYd) (width 0.05))
    (fp_text user %R (at 0 0 90) (layer B.Fab)
      (effects (font (size 0.4 0.4) (thickness 0.06)) (justify mirror))
    )
    (pad 2 smd roundrect (at 0.7875 0 90) (size 0.875 0.95) (layers B.Cu B.Paste B.Mask) (roundrect_rratio 0.25)
      (net 1 GND))
    (pad 1 smd roundrect (at -0.7875 0 90) (size 0.875 0.95) (layers B.Cu B.Paste B.Mask) (roundrect_rratio 0.25)
      (net 2 +3V3))
    (model ${KISYS3DMOD}/Capacitor_SMD.3dshapes/C_0603_1608Metric.wrl
      (at (xyz 0 0 0))
      (scale (xyz 1 1 1))
      (rotate (xyz 0 0 0))
    )
  )

  (module Capacitor_SMD:C_0603_1608Metric (layer B.Cu) (tedit 5B301BBE) (tstamp 5D5D3432)
    (at 122.9 92.6 90)
    (descr "Capacitor SMD 0603 (1608 Metric), square (rectangular) end terminal, IPC_7351 nominal, (Body size source: http://www.tortai-tech.com/upload/download/2011102023233369053.pdf), generated with kicad-footprint-generator")
    (tags capacitor)
    (path /5E621F1F)
    (attr smd)
    (fp_text reference C10 (at -2.85 0 90) (layer B.SilkS)
      (effects (font (size 1 1) (thickness 0.15)) (justify mirror))
    )
    (fp_text value 0.01uF (at -6.85 0 90) (layer B.Fab)
      (effects (font (size 1 1) (thickness 0.15)) (justify mirror))
    )
    (fp_line (start 1.48 -0.73) (end -1.48 -0.73) (layer B.CrtYd) (width 0.05))
    (fp_line (start 1.48 0.73) (end 1.48 -0.73) (layer B.CrtYd) (width 0.05))
    (fp_line (start -1.48 0.73) (end 1.48 0.73) (layer B.CrtYd) (width 0.05))
    (fp_line (start -1.48 -0.73) (end -1.48 0.73) (layer B.CrtYd) (width 0.05))
    (fp_line (start -0.162779 -0.51) (end 0.162779 -0.51) (layer B.SilkS) (width 0.12))
    (fp_line (start -0.162779 0.51) (end 0.162779 0.51) (layer B.SilkS) (width 0.12))
    (fp_line (start 0.8 -0.4) (end -0.8 -0.4) (layer B.Fab) (width 0.1))
    (fp_line (start 0.8 0.4) (end 0.8 -0.4) (layer B.Fab) (width 0.1))
    (fp_line (start -0.8 0.4) (end 0.8 0.4) (layer B.Fab) (width 0.1))
    (fp_line (start -0.8 -0.4) (end -0.8 0.4) (layer B.Fab) (width 0.1))
    (fp_text user %R (at 0 0 90) (layer B.Fab)
      (effects (font (size 0.4 0.4) (thickness 0.06)) (justify mirror))
    )
    (pad 1 smd roundrect (at -0.7875 0 90) (size 0.875 0.95) (layers B.Cu B.Paste B.Mask) (roundrect_rratio 0.25)
      (net 2 +3V3))
    (pad 2 smd roundrect (at 0.7875 0 90) (size 0.875 0.95) (layers B.Cu B.Paste B.Mask) (roundrect_rratio 0.25)
      (net 1 GND))
    (model ${KISYS3DMOD}/Capacitor_SMD.3dshapes/C_0603_1608Metric.wrl
      (at (xyz 0 0 0))
      (scale (xyz 1 1 1))
      (rotate (xyz 0 0 0))
    )
  )

  (module Package_DFN_QFN:QFN-48-1EP_7x7mm_P0.5mm_EP5.15x5.15mm_ThermalVias (layer F.Cu) (tedit 5C26A111) (tstamp 5D5D3344)
    (at 123.65 88.55 180)
    (descr "QFN, 48 Pin (http://www.analog.com/media/en/package-pcb-resources/package/pkg_pdf/ltc-legacy-qfn/QFN_48_05-08-1704.pdf), generated with kicad-footprint-generator ipc_dfn_qfn_generator.py")
    (tags "QFN DFN_QFN")
    (path /60109D34)
    (attr smd)
    (fp_text reference U1 (at 0 -4.82) (layer F.SilkS)
      (effects (font (size 1 1) (thickness 0.15)))
    )
    (fp_text value SN65LVDS822 (at -5 0 90) (layer F.Fab)
      (effects (font (size 1 1) (thickness 0.15)))
    )
    (fp_line (start 4.12 -4.12) (end -4.12 -4.12) (layer F.CrtYd) (width 0.05))
    (fp_line (start 4.12 4.12) (end 4.12 -4.12) (layer F.CrtYd) (width 0.05))
    (fp_line (start -4.12 4.12) (end 4.12 4.12) (layer F.CrtYd) (width 0.05))
    (fp_line (start -4.12 -4.12) (end -4.12 4.12) (layer F.CrtYd) (width 0.05))
    (fp_line (start -3.5 -2.5) (end -2.5 -3.5) (layer F.Fab) (width 0.1))
    (fp_line (start -3.5 3.5) (end -3.5 -2.5) (layer F.Fab) (width 0.1))
    (fp_line (start 3.5 3.5) (end -3.5 3.5) (layer F.Fab) (width 0.1))
    (fp_line (start 3.5 -3.5) (end 3.5 3.5) (layer F.Fab) (width 0.1))
    (fp_line (start -2.5 -3.5) (end 3.5 -3.5) (layer F.Fab) (width 0.1))
    (fp_line (start -3.135 -3.61) (end -3.61 -3.61) (layer F.SilkS) (width 0.12))
    (fp_line (start 3.61 3.61) (end 3.61 3.135) (layer F.SilkS) (width 0.12))
    (fp_line (start 3.135 3.61) (end 3.61 3.61) (layer F.SilkS) (width 0.12))
    (fp_line (start -3.61 3.61) (end -3.61 3.135) (layer F.SilkS) (width 0.12))
    (fp_line (start -3.135 3.61) (end -3.61 3.61) (layer F.SilkS) (width 0.12))
    (fp_line (start 3.61 -3.61) (end 3.61 -3.135) (layer F.SilkS) (width 0.12))
    (fp_line (start 3.135 -3.61) (end 3.61 -3.61) (layer F.SilkS) (width 0.12))
    (fp_text user %R (at 0 0) (layer F.Fab)
      (effects (font (size 1 1) (thickness 0.15)))
    )
    (pad 49 smd roundrect (at 0 0 180) (size 5.15 5.15) (layers F.Cu F.Mask) (roundrect_rratio 0.048544)
      (net 1 GND))
    (pad 49 thru_hole circle (at -2.325 -2.325 180) (size 0.5 0.5) (drill 0.2) (layers *.Cu)
      (net 1 GND))
    (pad 49 thru_hole circle (at -1.1625 -2.325 180) (size 0.5 0.5) (drill 0.2) (layers *.Cu)
      (net 1 GND))
    (pad 49 thru_hole circle (at 0 -2.325 180) (size 0.5 0.5) (drill 0.2) (layers *.Cu)
      (net 1 GND))
    (pad 49 thru_hole circle (at 1.1625 -2.325 180) (size 0.5 0.5) (drill 0.2) (layers *.Cu)
      (net 1 GND))
    (pad 49 thru_hole circle (at 2.325 -2.325 180) (size 0.5 0.5) (drill 0.2) (layers *.Cu)
      (net 1 GND))
    (pad 49 thru_hole circle (at -2.325 -1.1625 180) (size 0.5 0.5) (drill 0.2) (layers *.Cu)
      (net 1 GND))
    (pad 49 thru_hole circle (at -1.1625 -1.1625 180) (size 0.5 0.5) (drill 0.2) (layers *.Cu)
      (net 1 GND))
    (pad 49 thru_hole circle (at 0 -1.1625 180) (size 0.5 0.5) (drill 0.2) (layers *.Cu)
      (net 1 GND))
    (pad 49 thru_hole circle (at 1.1625 -1.1625 180) (size 0.5 0.5) (drill 0.2) (layers *.Cu)
      (net 1 GND))
    (pad 49 thru_hole circle (at 2.325 -1.1625 180) (size 0.5 0.5) (drill 0.2) (layers *.Cu)
      (net 1 GND))
    (pad 49 thru_hole circle (at -2.325 0 180) (size 0.5 0.5) (drill 0.2) (layers *.Cu)
      (net 1 GND))
    (pad 49 thru_hole circle (at -1.1625 0 180) (size 0.5 0.5) (drill 0.2) (layers *.Cu)
      (net 1 GND))
    (pad 49 thru_hole circle (at 0 0 180) (size 0.5 0.5) (drill 0.2) (layers *.Cu)
      (net 1 GND))
    (pad 49 thru_hole circle (at 1.1625 0 180) (size 0.5 0.5) (drill 0.2) (layers *.Cu)
      (net 1 GND))
    (pad 49 thru_hole circle (at 2.325 0 180) (size 0.5 0.5) (drill 0.2) (layers *.Cu)
      (net 1 GND))
    (pad 49 thru_hole circle (at -2.325 1.1625 180) (size 0.5 0.5) (drill 0.2) (layers *.Cu)
      (net 1 GND))
    (pad 49 thru_hole circle (at -1.1625 1.1625 180) (size 0.5 0.5) (drill 0.2) (layers *.Cu)
      (net 1 GND))
    (pad 49 thru_hole circle (at 0 1.1625 180) (size 0.5 0.5) (drill 0.2) (layers *.Cu)
      (net 1 GND))
    (pad 49 thru_hole circle (at 1.1625 1.1625 180) (size 0.5 0.5) (drill 0.2) (layers *.Cu)
      (net 1 GND))
    (pad 49 thru_hole circle (at 2.325 1.1625 180) (size 0.5 0.5) (drill 0.2) (layers *.Cu)
      (net 1 GND))
    (pad 49 thru_hole circle (at -2.325 2.325 180) (size 0.5 0.5) (drill 0.2) (layers *.Cu)
      (net 1 GND))
    (pad 49 thru_hole circle (at -1.1625 2.325 180) (size 0.5 0.5) (drill 0.2) (layers *.Cu)
      (net 1 GND))
    (pad 49 thru_hole circle (at 0 2.325 180) (size 0.5 0.5) (drill 0.2) (layers *.Cu)
      (net 1 GND))
    (pad 49 thru_hole circle (at 1.1625 2.325 180) (size 0.5 0.5) (drill 0.2) (layers *.Cu)
      (net 1 GND))
    (pad 49 thru_hole circle (at 2.325 2.325 180) (size 0.5 0.5) (drill 0.2) (layers *.Cu)
      (net 1 GND))
    (pad 49 smd roundrect (at 0 0 180) (size 5.15 5.15) (layers B.Cu) (roundrect_rratio 0.048544)
      (net 1 GND))
    (pad "" smd roundrect (at -1.74375 -1.74375 180) (size 0.997293 0.997293) (layers F.Paste) (roundrect_rratio 0.25))
    (pad "" smd roundrect (at -1.74375 -0.58125 180) (size 0.997293 0.997293) (layers F.Paste) (roundrect_rratio 0.25))
    (pad "" smd roundrect (at -1.74375 0.58125 180) (size 0.997293 0.997293) (layers F.Paste) (roundrect_rratio 0.25))
    (pad "" smd roundrect (at -1.74375 1.74375 180) (size 0.997293 0.997293) (layers F.Paste) (roundrect_rratio 0.25))
    (pad "" smd roundrect (at -0.58125 -1.74375 180) (size 0.997293 0.997293) (layers F.Paste) (roundrect_rratio 0.25))
    (pad "" smd roundrect (at -0.58125 -0.58125 180) (size 0.997293 0.997293) (layers F.Paste) (roundrect_rratio 0.25))
    (pad "" smd roundrect (at -0.58125 0.58125 180) (size 0.997293 0.997293) (layers F.Paste) (roundrect_rratio 0.25))
    (pad "" smd roundrect (at -0.58125 1.74375 180) (size 0.997293 0.997293) (layers F.Paste) (roundrect_rratio 0.25))
    (pad "" smd roundrect (at 0.58125 -1.74375 180) (size 0.997293 0.997293) (layers F.Paste) (roundrect_rratio 0.25))
    (pad "" smd roundrect (at 0.58125 -0.58125 180) (size 0.997293 0.997293) (layers F.Paste) (roundrect_rratio 0.25))
    (pad "" smd roundrect (at 0.58125 0.58125 180) (size 0.997293 0.997293) (layers F.Paste) (roundrect_rratio 0.25))
    (pad "" smd roundrect (at 0.58125 1.74375 180) (size 0.997293 0.997293) (layers F.Paste) (roundrect_rratio 0.25))
